-0.019335625275732404
-0.016796372310783347
-0.009232431064599922
-0.00516579938306716
0.004927948741536348
0.011513511789709163
0.024209558271134135
0.0437663231083274
0.053071808426982336
0.07234058706544655
0.08641118168619322
0.12482036285491738
0.16167717443997098
0.21105004534850735
0.2891989482146826
0.35658744088827277
0.36744481832543485
0.3030118275400415
0.23849414068104657
0.1839604246301647
0.14205427814014548
0.110239172380723
0.08361191443305671
0.06642626953856201
0.051334134636867645
0.040891810855102406
0.02967143814022677
0.01094653002438939
0.00171701577400718
-0.007272958767988946
-0.0234968485708551
-0.028341363784227802
-0.04056164555148367