-0.036525524477406535
-0.031317998573900496
-0.03275707496229252
-0.04385670706422573
-0.0457676709903847
-0.052440258619989244
-0.053380182412486654
-0.05888973583201018
-0.06070777078413769
-0.06499761027342288
-0.06583052519481214
-0.06837803504486129
-0.06727406251706025
-0.0705762419903122
-0.07049493609727264
-0.06912481345120813
-0.0685076895227823
-0.06400818569801991
-0.058668725096731045
-0.053527670730265875
-0.0531325093600854
-0.04571380827275817
-0.03752626104761969
-0.032017364464984155
-0.025042741889261144
-0.01652795145755004
-0.007221302758646075
0.004015786663631005
0.011467465812026845
0.026170443365380436
0.03383131886316271
0.046887833691061864
0.06441889049269989
0.0648745167984579
0.08702477334692205
0.09922961350234427
0.1140017241314597
0.12334100053570207
0.1422162365681281
0.15334389767472079
0.17234144643391502
0.18774053003248614
0.2063663497268049
0.22083876803751323
0.23482679279912766
0.25454754705544325
0.27086336754803675
0.2897994843918159
0.30692542877037265
0.3241989498339777
0.33955878292669706
0.35861575797895906
0.3756001249273817
0.38790332966813423
0.4030677572567596
0.41369357384291927
0.42093482267246163
0.42981506883988807
0.42678111862985
0.42072002453580737
0.41240499468643854
0.3896595954546118
0.36456916528644445
0.32686755207370854
0.2880128943498672
0.24068310439134244
0.19054807477313407
0.13512038335593424
0.08430517395975734
0.030461423960777
-0.019961837591300657
-0.07386400089241363
-0.1148421128616639
-0.15177696378819583
-0.1874055928309848
-0.22129812702927154
-0.24594263149435935
-0.2685815204224875
-0.2856378836162321
-0.3045699614731041
-0.3183155118466958
-0.32545161170503345
-0.3328818656338042
-0.3399708159325452
-0.3466074905300003
-0.34839331436659826
-0.34871056604275275
-0.35063009711822835
-0.3499787385078861
-0.3546109826486985
-0.34322045849624017
-0.34030380046457065
-0.33610527421491554
-0.33257399261974285
-0.32585004753805036
-0.32168390923674783
-0.3204480425584144
-0.30793895296833096
-0.3070090245754291
-0.2957890126224809
-0.2906995590824839
-0.2809569769620053
-0.2750215711824837
-0.27489430819296823
-0.2600964992887298
-0.253920288861635
-0.2446884142697554
-0.23681548162581523
-0.2328942633767359
-0.2302869206135223
-0.21767689869189732
-0.21103741597282388
-0.20295360592747125
-0.1972261533415196
-0.19043100280019676
-0.1863880610763724
-0.17597226168201452
-0.17048930695580644
-0.16131397814791582
-0.1556231736958904
-0.1549249257110108
-0.14722170208567986
-0.14289865501045584
-0.13614148196625875
-0.13229069159439
-0.12952163678095907
-0.11606900346199245
-0.1142815972088016
-0.11149689721599376
-0.10531647467308547
-0.10307028961948328
-0.09684389392739279
-0.09287811549078917
-0.08676439996728869
-0.08566285637367343
-0.08337220453377547
-0.07877723160589101
-0.0746392685158952
-0.07237553506095074
-0.06686942748786828

