0.2898414993312177
0.33413929815587684
0.38759661994382233
0.44674175855781195
0.5155742139007393
0.6003303325181921
0.6820393315939981
0.7834825994676948
0.8739312593791282
0.9678817214869744
1.0300333981094902
1.0580360267588849
1.0317582707341342
0.9552281964373512
0.8507984594299383
0.7337884034133921
0.609393736674317
0.4915217182638183
0.387657035704855
0.29821387114704834
0.21959210755315972
0.15471842503219158
0.09821929759793457
0.05303147610551129
0.008794345528023495
-0.01920091442602212
-0.04842991901397742
-0.07049432728198202
-0.08836505520411508
-0.09928384048567951
-0.11024518652714477
-0.12055131929190432
-0.13039814545877482
-0.1324026428679872
-0.1345338197897208
-0.13461366913661976
-0.13553185123453115
-0.1367872211092993