0.2097073699545593
0.2263495688490429
0.24465778440041452
0.2650883387449454
0.28620597276013493
0.31185117800296736
0.3343316344700513
0.3612524140527835
0.40258661076496427
0.43973683743565006
0.4876951406458696
0.5356963980843754
0.5914510873097862
0.6621038665837102
0.7335359048143646
0.8306544928899182
0.9340443391420408
1.0558192288368935
1.2009738986752874
1.3751138810832004
1.570558908915245
1.7882701391636884
2.018101946319669
2.231195021913079
2.337691908844228
2.3094772076548655
2.126567076880442
1.8475360877807594
1.5298431487447046
1.2322393991207257
0.9659971360723678
0.7458565723697488
0.5550511595112306
0.4061243471478462
0.27556629050732706
0.16884986552828218
0.07257330817573004
0.0035938050130139843
-0.0661856076912235
-0.11885187003063447
-0.1623758814652101