0.05127603898157673
0.046900464556237864
0.03573630404198447
0.036293715948966465
0.030452986321609643
0.023224003194145304
0.020799892592352265
0.013946070519470055
0.0036636387576205465
3.005908188580264e-05
-0.005433715406273798
-0.008825418212642155
-0.017978024580036056
-0.02184313212484046
-0.023135628595019497
-0.034707099704844424
-0.04126686022133974
-0.05130259858064168
-0.05180165657009006
-0.0620136694432194
-0.06824062814127352
-0.07343178249276949
-0.08011823398627005
-0.0829276675360866
-0.09628588600582422
-0.09794034197743517
-0.10256561323148272
-0.11128929689300637
-0.11650953308818313
-0.12434471494547505
-0.13184755313241947
-0.1372596339361971
-0.14509180220573015
-0.15134280659884425
-0.16033193244813493
-0.15791716099713593
-0.16333487497682508
-0.1685361887494281
-0.17371032659573693
-0.17671903190791483
-0.1825492656526828
-0.18516666592385
-0.18928056647667368
-0.19294282148028064
-0.1958897952708023
-0.19577030198820466
-0.1992804410190825
-0.19716106351109097
-0.19568559833200627
-0.19900856800935207
-0.1970040765118113
-0.19540785074912614
-0.19197126019960775
-0.18547435890147934
-0.17498387935102455
-0.1722350036725966
-0.1600981107248871
-0.15325679756223032
-0.14165477304767515
-0.13095356840938965
-0.10950000779765334
-0.0935355261684272
-0.07254417585210371
-0.056773134063471176
-0.03216363165689806
-0.003644568575034146
0.02370376827633125
0.05899256790337315
0.088984471408462
0.12712532205260407
0.17196552474882232
0.21700925331144605
0.2632967911202959
0.3108558549153084
0.36247583340274714
0.4177042758077727
0.4657690492157638
0.5141564908248846
0.5661209527905999
0.6096963031709737
0.6406558004165639
0.6652693247783832
0.6918653369965018
0.7024625955114807
0.7032048973854894
0.6975927892341787
0.6871918993281181
0.6657567574195786
0.648732186528314
0.6227536877177178
0.592983591487954
0.5606857332177841
0.5357070897260523
0.5025460016327195
0.47508815108788305
0.44887184898425714
0.4213382275969799
0.4008093301188995
0.37420749581096313
0.35608588314595124
0.32929160086504705
0.31001078884015154
0.29689869311622985
0.2814150465296974
0.2588078830921172
0.24629716355308418
0.23201939080624223
0.21821133104701795
0.21106887569321664
0.19750703878184428
0.18785989522506297
0.17416751564609267
0.1684038994872381
0.1575074406102588
0.1497652534908136
0.14442596852437406
0.1369184497610294
0.13324975392903937
0.12004735312089787
0.12083877660053766
0.11394002080154175