0.10162926147064955
0.10729413568121071
0.11395749376128439
0.11938910327086738
0.1282418757552657
0.13577304723453532
0.14327190573491855
0.15297843292825375
0.16414286979758375
0.17391008124756446
0.18544955900507754
0.19767064178282423
0.21196396169514342
0.22601175588751943
0.23959030040802576
0.25537881418043273
0.27315248117312363
0.2919237233921912
0.3116797233931057
0.3300867191675283
0.3478596187731209
0.36315410284006777
0.37479134977127515
0.3769611316062935
0.36716075940331594
0.33942919534659755
0.29070068776870217
0.22091329140168403
0.13002172556521696
0.027203171292675687
-0.08018657655745898
-0.18343249512864102
-0.27574557589118154
-0.3612534595800514
-0.43438590300569624
-0.4982069693296487
-0.5516606739867269
-0.5982073509566992
-0.6399011243540067
-0.6745158041942316
-0.7032469705122852
-0.7270451317183415
-0.7512989838727524
-0.7675013833397628
-0.7830714898056548
-0.8006815587909566
-0.8102015466293424
-0.8172424687947109
-0.8246251077931341
-0.8312234130482694
-0.8354755034671912
-0.8358825370296823
-0.8360773731353479
-0.8359973297439334
-0.8357049212166161
-0.8315671211429447
-0.8250826058630651
-0.8178130927739864
-0.8108844713767547
-0.8014758013280239
-0.7839759131475308
-0.7685147008894955
-0.7524197643455772
-0.7282718045613206
-0.7045778317791735
-0.6759490228327176
-0.6414347488626402
-0.5998393163657099
-0.5533888091145065
-0.5000290042697717
-0.4362994767951305
-0.3632561280021034
-0.2778348193670519
-0.1856057266509623
-0.08244114962345428
0.024869954789635607
0.1276126075295032
0.21843104984547335
0.2881481292789516
0.3368091477365067
0.3644760645807752
0.37421463868066507
0.37198590842645274
0.3602925569884756
0.34494480051162846
0.3271214430466838
0.3086667810106678
0.2888658783188194
0.27005246421664353
0.25223931899038377
0.2364139794221809
0.22280121661656116
0.20872176334390735
0.19439929220215157
0.18215151196603285
0.17058773403174454
0.1607985610915854
0.14961444101101407
0.1398904469499782
0.1323762747305368
0.12483187848261279
0.11596790522594347
0.11052705345441627
0.10385634582457204
