0.004041001965238156
-0.004544675903202844
-0.010261225936021745
-0.022376716779114236
-0.036154841233575485
-0.05317740288133033
-0.07440040984971441
-0.09285172553984244
-0.11633141669364733
-0.14250285889131442
-0.16595272979880127
-0.19267600221685788
-0.22810653716544582
-0.260946899513514
-0.29624497942728967
-0.33334106607464653
-0.3702703791275703
-0.41023738476249205
-0.4472692949326187
-0.481577455434433
-0.5189345204760305
-0.5551820387275073
-0.5930595587907095
-0.6287171600533479
-0.6642306431816034
-0.6924504088701675
-0.7252803527781975
-0.7496637559914592
-0.7822771874852474
-0.8148204717365886
-0.8339761917570283
-0.8513472207856072
-0.8628378938796311
-0.881021156545498
-0.890967990211291
-0.9056205072114922
-0.9102985816406779
-0.9095947265621391
-0.8987400251921929
-0.8896512832537917
-0.8716554960757144
-0.8369141269993308
-0.790995272690938
-0.7317850004980269
-0.6489106533123721
-0.5408120810752859
-0.4047006942632061
-0.22785492793926831
-0.031941851686803524