0.053900406577625404
-0.24221444222153732
-0.5316463536199452
-0.7579604177376345
-0.9443125034464828
-1.0827308338183808
-1.1867553147870677
-1.2661288079636512
-1.3270909775326745
-1.3767877049043182
-1.4070240895046604
-1.4335995445669005
-1.4365428607618593
-1.4488750875682208
-1.4363938406604069
-1.4333020255520221
-1.4065791089387756
-1.3761968063849506
-1.3263561962298365
-1.2652526514809197
-1.185740739913927
-1.0815812195815986
-0.9430316209298777
-0.7565523971881509
-0.5301156493722905
-0.24056579600041683
0.05566200342473149