-1.8786729329469165
5.752130650083173
3.397234552256174
2.5658590124060714
2.1592735690770217
1.9360684872866445
1.8369987248485637
1.849433619199404
1.985037872482498
2.362051592505914
3.7471499790089595
0.5140152069946016
0.6423682872457279
0.8512252036257228
0.9937310654785776
0.8191958273853359
0.5831372699275832
0.41796240965940523
0.3021108628571687
0.22445872609936135
0.17368781036980874
0.13285085492319482
0.10097603151524925
0.07848243738149296
0.06146404490475188
0.04320101926280273
0.03044129428837472
0.020762259227449675
0.014907535491959223