-0.14259243110226683
-0.1465850674017113
-0.15458114691108715
-0.15564469911084977
-0.1609387652976002
-0.1709125835212233
-0.17599498656752743
-0.18641120493233876
-0.1897880882094647
-0.19685622694011862
-0.20297806799042828
-0.2110623388414017
-0.2177022935749071
-0.23031279903570434
-0.2322255924857557
-0.23684236301081896
-0.24471581575515122
-0.25394822332493705
-0.2601249799685297
-0.2759217921506658
-0.2750511854929094
-0.2809871794502006
-0.2907303645129158
-0.2950672998188004
-0.3063012952962425
-0.30899457073956427
-0.32048141556010146
-0.3217179651851647
-0.3258848037170732
-0.3326094667559434
-0.336141484477682
-0.34034076547124714
-0.34325819731340834
-0.3533383555887881
-0.35001808393363865
-0.3506702762320839
-0.34875159968411795
-0.3497735890396263
-0.346650297441371
-0.3400145424046559
-0.3329265341312113
-0.32549724505217315
-0.3183621331982929
-0.30461759428259993
-0.2839321023864825
-0.26863124749675116
-0.2459934417494125
-0.22135004464680286
-0.18745864202291562
-0.14968780840796336
-0.1148974975283239
-0.07392058906284671
-0.020019652656995568
0.030402359112441157
0.0842448370955804
0.13505875306626525
0.19048513066232342
0.24061882728573902
0.2879472665355003
0.32680055755714577
0.36450079008023106
0.3895898278977512
0.41233382579407696
0.4206474483822431
0.42670713276908057
0.42973967476138064
0.42085802629781277
0.41361538606055337
0.4029881945041218
0.3878224145416187
0.37551788684445686
0.35853223387934197
0.33947401799851207
0.3241129982828186
0.30683835461150366
0.2897113622594736
0.27077428352227084
0.25445759947427327
0.23473609306620258
0.22074744139329194
0.2062745359602527
0.1876483841264296
0.1722491391014893
0.15325161576577617
0.14212418331402343
0.12324939560005888
0.11391080342953774
0.09913962875388993
0.08693599133723495
0.06478721830667666
0.06433336887181884
0.04680439306616435
0.03375027195412361
0.02609210892638636
0.011392165693450806
0.00394384253606983
-0.007289572979721548
-0.01659223743819105
-0.025102744867183446
-0.03207280131750068
-0.03757686834787233
-0.04575934621830413
-0.053172765464815086
-0.053562463169794405
-0.058697905586524435
-0.0640316418520781
-0.06852534657664933
-0.06913663529465275
-0.07050092561607002
-0.07057644068234659
-0.06726854940090998
-0.06836692494113628
-0.0658139663812225
-0.06497578166337092
-0.06068087866983074
-0.05885801034690186
-0.05334387376993721
-0.05239963327924624
-0.045723007802700444
-0.04380829354681026
-0.03270520372378094
-0.031262963968604396
-0.03646761958365197
-0.03561247678914281
-0.020508007877067413
-0.013193186485123576
-0.01909809975602972
-0.011853236097116415
-0.012960265047861519
-0.0066894793748497605