-0.12071655389389724
-0.11945955598590219
-0.11809129594878387
-0.11968556267395636
-0.11886552698729336
-0.12211704381690991
-0.11948979672622517
-0.11588634394004949
-0.11402572408222067
-0.11255824303629902
-0.10636385413032778
-0.10340978253626965
-0.09947612633577263
-0.09328235658320638
-0.08540987928253463
-0.08101601939575831
-0.07484802995571682
-0.06365499832768995
-0.05718540654910731
-0.04595458835397359
-0.03297080512087591
-0.022339576454628585
-0.0124238093541158
0.004935706101653281
0.01762503110857372
0.03367413505350525
0.049492447933257466
0.06376444134324633
0.08309643788913945
0.09624458862433283
0.11615739687691207
0.13444689568005197
0.15548983619458
0.17175988873973536
0.19163749092678994
0.20840448658928823
0.2289391390906621
0.24362535279023634
0.2560980867052476
0.26765545459330164
0.2821532873652153
0.2964349364289678
0.30513736379256073
0.31054278217076847
0.3180662379793717
0.322192835080755
0.3251437439219407
0.327508009989252
0.3214817896116928
0.3210945850607829
0.31971096983521585
0.3132092267847373
0.30456697837582114
0.29667723412615565
0.2921452500950288
0.27872872322716846
0.2735510235133276
0.2654168590062671
0.2592842003690894
0.24879591422999336
0.240231078064852
0.23121010018991361
0.2177695276037448
0.21082516789844208
0.20533148293231962
0.19580887932222257
0.19183915326164902
0.18060108886007376
0.17317536581115212
0.16648810266909697
0.1554811443213162
0.14868700757699793
0.14376296231792152
0.14125466842665713
0.1335861885997125
0.13248136185466075
0.12040118342994877
0.1168021795055525
0.11928864111414228
0.11253852274915799
0.10553215705007357
0.10044978536802818
0.09555040178009122
0.09106999520157744
0.0913495196453078
0.08779795942669
0.08674886408032556
0.07881918887482242
0.07865588751270014
0.07601266180304034
0.0697020062671585
0.07092591967065864
0.06704023034254236
0.06155363397827318
0.06223193104105551
0.060805992431048894
0.058251010291005434
0.05649271335346984
0.05221685521908159
0.05212405006589771
0.046553491854790297
0.04899288313170058
0.04759878540647722
0.04655042708155088
0.043390457124014015
0.04133005638064291
0.04219506190311595
0.038572566748920956
0.03945398535729949
0.03753865980948823
0.032506302884593996