-0.00728044227896163
0.0017077848331474854
0.01093564127642388
0.029659003144374196
0.040877962672610124
0.05131902680069622
0.06641007440026314
0.08359482092562587
0.11022138321403574
0.14203600653027237
0.1839418906582928
0.23847556743337783
0.30299343713512705
0.36742682799941484
0.35657005931458485
0.28918237212790565
0.21103445661917597
0.16166273768934225
0.12480722362585261
0.08639946523546982
0.07233039771540195
0.05306322949600073
0.04375941731897637
0.02420436859354247
0.011510062600365245
0.004926247308874032
-0.005165761298570715