-0.04269897306383896
0.03766582145752739
0.1355835987120857
0.25125470261486527
0.38633232896723246
0.5536396834672317
0.7506373366627619
0.9904480607345469
1.2782693026697993
1.6034629948955956
1.9798303721738524
2.39302533753008
2.815873771735915
3.192414805876628
3.4676165443125804
3.599463084543954
3.5778317838540215
3.42693156656558
3.189429412448238
2.916479609901785
2.623467533224437
2.3357227323724032
2.0548326252924163
1.790232407334397
1.5405019960433872
1.2970714651201867
1.0613438318786752
0.8316190313066123
0.6103176240429988
0.38562211148309444
0.16089071526445053
-0.06915959987388298