0.42249851887901446
-1.1868751030869023
-1.751650764372072
-2.0112367491799814
-2.149905929250851
-2.2109059809507405
-2.241835539934975
-2.2468995792392494
-2.237431669152625
-2.2157028620851476
-2.188694066693693
-2.1495479876443673
-2.102364235660379
-2.0538097936876483
-2.0091989011923985
-1.9554562874176549
-1.8907603544442555
-1.8437506977525393
-1.7770779920612725
-1.7173393435137112
-1.6426121336878596
-1.5716282701614084
-1.4920918296752768
-1.4175549987828266
-1.3268620434021812
-1.2318169779424228
-1.1364739870229834
-1.0263629804309597
-0.9027497264529725
-0.7787507401953961
-0.6385645815240908
-0.5019738551715607
-0.3635810450873347
-0.22646159554167422
-0.09969488828311857
0.0023058998505582906