0.0022103349062376765
-0.09979223672953008
-0.22656076218396137
-0.36368206375804935
-0.5020767585592614
-0.6386694008518843
-0.7788575048575126
-0.9028584635992773
-1.0264737144989224
-1.1365867392114448
-1.2319317656162712
-1.32697887942992
-1.4176738907928437
-1.4922127792307012
-1.571751271845943
-1.6427371740954788
-1.7174664001399123
-1.7772070320917694
-1.8438816767465838
-1.8908932149138389
-1.9555909573082957
-2.0093352922660737
-2.053947799827988
-2.1025037311130292
-2.1496888252162547
-2.1888360759473535
-2.215845847567267
-2.237575408714707
-2.2470438225058365
-2.2419800070053437
-2.2110503614165076
-2.150049881632728
-2.0113799008886293
-1.7517927123187889
-1.1870154150425138
0.42236030202805086