0.009880854416826068
-0.15985959501568114
-0.3448576676292934
-0.5349465253807182
-0.7106103981381313
-0.8642642584640736
-1.0001010961480699
-1.108723890540829
-1.1998496237251755
-1.2827231405982098
-1.3494211432249688
-1.4105743366405008
-1.4556198720162876
-1.499620744264436
-1.532952267380674
-1.554005603477853
-1.570908304418217
-1.5872530015557085
-1.5883837939126635
-1.5804338029311578
-1.5663057149675979
-1.5363830483315413
-1.4807503841867593
-1.4034050799403737
-1.2874064441743913
-1.110669852842852
-0.8593908941436812
-0.4685757186973678
0.07003429669584893